
state={
	id=708
	name="STATE_708"

	state_category = rural

	history={
		buildings = {
			infrastructure = 1
		}
		owner = SAV
	}

	provinces={
		13352 13353 14053 14054 14055 14056 14057 14058 14059 14060 14061 14062 14063 14064 14065 14067 14068 14071 14073 14074 14075 14076 14077 14078 14079 14080 14081 14082 14083 14084 14085 14086 14087 14088 14089 14090 14091 14092 14093 14094 14095 14096 14097 14098 14099 14100 14101 14102 14103 14104 14105 14106 14107 14108 14109 14110 14066 14069 14070 14072
	}
	manpower=100000
	buildings_max_level_factor=1.000
}
